00000000000000000000000000000000
00000000000000000110101001000001
00000000000000000110101010000010
00000000000000000110101011000011
00000000000000000110101100000100
00000000000000001011000000011110
00000000000000001011010100010100
00000000000000000000000000000000
00000000000000001110000000000000
00000000000000000000000000001010
00000000000000000000000000011010
00000000000000000000000000001110
00000000000000000000000000001011
00000000000000000000000000000000
00000000000000000000000000000000
00000000000000000000000000000000
00000000000000000000000000000000
00000000000000000000000000000000
00000000000000000000000000000000
00000000000000000000000000000000
00000000000000000000000000000000
00000000000000000000000000000000
00000000000000000000000000000000
00000000000000000000000000000000
00000000000000000000000000000000
00000000000000000000000000000000
00000000000000000000000000000000
00000000000000000000000000000000
00000000000000000000000000000000
00000000000000000000000000000000